序号	地址	实际CREATE执行	字节码CREATE字节	字节码CREATE2字节	Vanity地址	执行时间(ms)
1	0x000000000000006f6502b7f2bbac8c30a3f67e9a	211,825	22	31	是	21
2	0x0000000000007f150bd6f54c40a34d7c3d5e9f56	1,647,068	32	51	是	8
3	0x00000000000311612d792d1162841b3b63dbb64f	4,616	3	6	是	2
4	0x000000000003c42172c0bdd69d6afb6b0bf4b488	1,178	5	9	是	2
5	0x000000000020f8bed3b8834a234e64ae0b06af48	1,359	9	6	是	4
6	0x000000000027d2efc283613d0c3e24a8b430c4d8	3,190	0	0	是	0
7	0x00000000003503bad07dc2c8027052c5880d46cc	640	18	12	是	7
8	0x000000000035b5e5ad9019092c665357240f594e	52,512	0	0	是	0
9	0x00000000003b3cc22af3ae1eac0440bcee416b40	127,232	27	39	是	28
10	0x0000000000771a79d0fc7f3b7fe270eb4498f20b	1,633,386	4	11	是	2
11	0x000000000092c287eb63e8c2c30b4a74787054f8	1,050	3	1	是	1
12	0x0000000000d41c96294ccdac8612bdfe29c641af	31,672	16	20	是	10
13	0x00000000032962b51589768828ad878876299e14	10,368	27	46	是	35
14	0x00000000500e2fece27a7600435d0c48d64e0c00	760	3	33	否	10
15	0x000000005736775feb0c8568e7dee77222a26880	37,539	6	4	否	0
16	0x0000000099cb7fc48a935bceb9f05bbae54e8987	42,912	15	27	否	10
17	0x00000000b7ca7e12dcc72290d1fe47b2ef14c607	103,346	3	11	否	3
18	0x0a252663dbcc0b073063d6420a40319e438cfa59	6,902,508	0	0	否	0
19	0x12715a66773bd9c54534a01abf01d05f6b4bd35e	3,554	2	9	否	2
20	0x131a99859a8bfa3251d899f0675607766736ffae	181,482	0	0	否	0
21	0x173552602c32dffdf5c95cd0cca956811244bbe6	1,593	2	6	否	0
22	0x1c647c67c1aad0ebff25500f3b3084d3d2872eba	7,090	4	8	否	1
23	0x2269bceb3f4e0aa53d2fc43b1b7c5c5d13b119a5	684	1	1	否	0
24	0x2f848984984d6c3c036174ce627703edaf780479	1,237,534	3	11	否	2
25	0x336ba015153dc1e3933cb601c920a1114036388f	1,762	1	1	否	0
26	0x3d5409cce1d45233de1d4ebdee74b8e004abdd13	599	3	8	否	1
27	0x3ee18b2214aff97000d974cf647e7c347e8fa585	1,136	1	0	否	0
28	0x42067d00542beb633df2a001d23b0cec0e888746	2,617	3	7	否	2
29	0x42bca2a5593c3b6dc2ebaf62db7e7f6e1d273794	243,255	26	19	否	9
30	0x4904ba3148147d2f78b05a8446c01c48a7aba4bd	1,326	5	9	否	4
31	0x49307d775728daf1d4736ab762de0cefd035e323	30,659	7	38	否	22
32	0x4f4495243837681061c4743b74b3eedf548d56a5	22,721	2	1	否	1
33	0x5346d0f80e2816fad329f2c140c870ffc3c3e2ef	905	2	1	否	1
34	0x688c3e4658b5367da06fd629e41879beab538e37	1,026	1	5	否	1
35	0x6e9b4c2f6bd57b7b924d29b5dcfca1273ecc94a2	3,713	2	0	否	0
36	0x7715592be525a8ce67ec14c2b13bf50c9ee10ba4	721	1	1	否	0
37	0x775ecef1c70ed299e37006f6820d6252b0e90bd6	1,258	4	5	否	2
38	0x7eeb592e65d7f977717ece8f087dbd931f3b21c5	644	1	3	否	0
39	0x81377f4981ab9fc127b4480d5d4f239306ceee89	1,006	3	13	否	2
40	0x81ad996ac000d5dfdc65880a9e4ee487629375c4	1,321	0	2	否	0
41	0x8b71140ad2e5d1e7018d2a7f8a288bd3cd38916f	22,685	4	3	否	0
42	0x91e677b07f7af907ec9a428aafa9fc14a0d3a338	33,683	2	8	否	2
43	0x9c2e057790463257bc57719d55edd8344f8c101e	6,002	0	2	否	0
44	0xa24787320ede4cc19d800bf87b41ab9539c4da9d	1,020,154	0	1	否	1
45	0xa520fc73dd9e251aa7daaaeb9eb6c1032907e682	1,596	8	11	否	2
46	0xb874429f870d7ad80a60210c3051249050260a8c	10,804	0	1	否	0
47	0xbdeb4ba6a1bb01e01ed64f11ed8f6f4b906af52b	64,308	1	1	否	0
48	0xc0b00000e19d71fa50a9bb1fcac2ec92fac9549c	926	0	0	否	0
49	0xc1dcb196ba862b337aa23eda1cb9503c0801b955	7,905	10	7	否	1
50	0xc51ec1d68ca5b85db66023dbc5f0a797cbbcd538	10,636	1	0	否	0
51	0xd0c7a9d47704979273a527bcace42c9e01a69ec1	7,734	8	6	否	2
52	0xd310a3041dfcf14def5ccbc508668974b5da7174	730	0	2	否	0
53	0xd7d11db30948cf934fc2f32c5c67c4aab4930877	1,906	7	3	否	1
54	0xd8331cb1fcfaa5569fcb5dc92c784b2242ea2e6c	1,450	0	0	否	0
55	0xd8ae986159e350b6535539b8a1e488658452f25e	1,802	0	0	否	0
56	0xdafce4acc2703a24f29d1321adaadf5768f54642	7,830	5	5	否	2
57	0xdbe0d523e0bd9fd95cdc1b931b6195f15d4d7017	22,925	1	0	否	0
58	0xe08fcc4283fd8e35fdc49088b502b679e1c779fd	1,007	1	0	否	0
59	0xe210330d6768030e816d223836335079c7a0c851	1,645	0	6	否	0
60	0xe5965ab5962edc7477c8520243a95517cd252fa9	8,534	4	5	否	1
61	0xea7a7bc3ba38b2569b6bee8dcd8acb4218c08716	117,464	0	6	否	1
62	0xec6b351778aaa2349a8726b4837e05232ef20d03	611	3	4	否	1
63	0xf74b146ce44cc162b601dec3be331784db111dc1	12,307	6	0	否	0
